6382811
5715949
8451496
954815
957242
1950286
664715
7085086
957580
8804404
537548
1820130
958903
1175524
954571
7708712
1850730
7940162
537000
8978374
158327
1823912
597802
8923566
5026068
6853965
7421364
1174594
1822639
114313
2479143
2541199
1143329
8593384
7656161
983109
939490
916002
1176831
1532844
5234269
2469262
537467
7404590
957141
1122583
8450931
964845
7667581
1532181
1892674
6839155
5782538
2043856
597428
2350053
5035099
7686708
933614
537062
1103698
8556235
7733176
2129427
957298
8567771
5033344
2443015
6867417
7162776
2467967
575735
1074980
176461
7692505
8076187
3100206
8735648
1331533
7767176
664549
1824724
1178915
7352211
537046
117214
1127703
1280310
3665014
8582990
4674616
7743053
7967306
5780817
954513
3068464
8584227
8920875
3044283
6835578
8416703
3596200
9146124
5342507
4935792
6517047
1087446
6837977
2576347
3660505
1097922
1134308
2129478
253575
8205457
597390
5783377
6825841
8990762
4388949
714994
8836969
6859446
8145197
8603706
2069567
926644
553345
8944923
2090837
963238
8837809
558183
9048037
4925673
1355551
4989171
1578923
3720269
8255101
612789
2439721
8802845
7734514
4388994
8248626
1283432
6850559
8585546
1578939
1544687
2537128
8251799
4410498
7414560
99084
511666
115532
5713970
5025697
8101891
612875
563129
5033011
7961539
8082909
612750
1824158
892776
7941001
1762308
964107
945190
1215849
980513
935953
978469
1076085
936442
923812
2695702
536642
1305678
7478601
1306842
2144444
8918115
1899959
2699960
8484610
6850475
1177565
2467802
717048
1077032
1821553
5585607
613029
563844
3247683
1602788
7099945
1160542
2086165
4525339
557015
1104786
1110091
5758320
940365
8779258
1570709
1110984
6866675
8451140
1302508
598505
7654353
8452560
6396035
2122783
4935891
7434986
959825
8585191
7124188
4387567
1851776
7417977
937305
932446
8735312
8198334
2330911
597975
6466359
1341414
712896
5648695
1772161
2442014
1306538
2994394
564940
599259
1517248
8780132
933324
6880193
1144738
5660937
6506041
8219517
2994640
980368
7022838
1399176
1580306
1083578
8484010
4960862
599175
182396
7962630
7486478
1366188
1894795
1579191
7884522
7398559
959329
1093290
8977712
6396900
2111620
7654132
8810128
5716257
1496774
8978169
7085497
7656665
962868
2117976
6838246
3037574
954280
7381920
2118091
6833131
8779680
8582359
6407966
8244924
1103553
6866219
8473959
7962961
7622020
8584102
6512451
1098517
7659978
1141221
6851797
4933427
8779777
575907
8585163
594489
6396820
1177086
160493
6654857
1579636
1453379
3253405
7906752
8781237
7929776
1399792
950794
2140365
1535832
1579858
5578911
7421500
8498089
959886
2574510
958215
7945405
598169
7688614
8595077
5757040
6837971
8180211
7782673
3572575
696840
634347
6853096
7695554
4501499
598392
1087658
1177671
962170
5629789
1127870
7657549
979651
2089845
962357
1330363
1773294
1323056
1281212
6867783
599404
981551
6834316
1843804
6866271
182060
51606
1431582
8800451
1174377
1436404
912211
5578860
8918851
1080116
1123669
2080879
1563421
1972218
8492605
9029729
929852
955142
6454242
7654711
1110417
4981656
3083490
8247653
1968448
1080081
7714283
4357308
2441532
1127706
943369
2126920
8451516
8417638
2436098
940441
944861
738964
8487653
2122996
5443936
576088
1282726
2067035
4392573
6841608
8919214
8530744
1496475
4380346
917229
1944409
4388707
1895364
956636
1098148
711916
979275
6838152
965240
1128505
8596183
1127844
1852112
895217
8977824
7135692
6852929
1815198
3021897
8809948
933480
8248518
1579398
563172
7380182
2574757
925984
1110645
4917313
51361
8192878
8598165
1176442
1814164
7657572
664893
8452943
598030
1766692
2538008
4391924
5731810
8538760
7088061
1530064
4960599
8423679
2126799
1090384
3021168
1200831
1505938
8261483
7787451
1894914
4422313
8584650
7887050
962204
1366794
5578374
2066046
1560922
1347690
6814445
940217
726970
943835
6850554
8257421
2695803
960728
2576375
1810353
2118523
3574960
8140546
8512062
934377
1162352
597713
4390138
8779434
2129649
7736017
2490490
6515846
1505164
8991442
6408003
4944293
8837512
8491541
1110809
2469602
1497350
729414
1127532
6839159
7921806
727236
4007920
6866805
331244
7615973
9047091
8483269
7942751
3159553
1772552
1123794
7734799
5069759
8263205
981846
6850652
535399
6693399
4936836
1513957
2124416
8584852
2082141
1219834
8450224
1579466
2096233
8211326
1110173
1761589
3661273
979248
958404
6458055
8582882
53164
1117427
7377058
6362827
943366
8545976
6517809
6422670
1771647
3042504
3559335
5591828
1095570
4943117
1962315
8809106
6962661
7949604
5732203
8074772
8194640
962699
1087793
8585306
955847
6516659
1104237
8416758
8597989
2120502
6856092
1110150
5742516
1957947
4388946
7800516
7023600
1282521
8836347
1126573
6342649
1728365
978509
576177
4922560
1815165
1546738
564055
5782551
1084778
6517045
6411542
1495465
3517652
1376273
3247745
8557970
5658793
5813097
7100682
1087525
8455230
925453
922540
3024215
966535
2129496
929739
8991990
1102447
6853002
1969115
712282
9029994
575642
4392161
3826297
8145178
1338730
8567752
1825927
4420121
8517812
2479424
8584206
1900152
2085592
937339
4367271
7421002
922504
